31396
12176
31693
10898
27840
16432
26235
23073
19729
15477
14097
5162
17434
13782
17540
16396
12656
18978
31167
23522
31529
23042
15232
14036
26080
30671
9251
17155
14015
6501
13750
16579
16300
32476
30889
14088
17634
23921
13369
27157
3447
4365
12359
22804
25549
4673
13673
1816
1847
29434
27946
5994
15548
13087
23982
15960
11131
20982
9289
18444
25337
12678
5919
26469
24252
29563
4442
23316
18540
19310
18878
14317
26552
14400
4942
17967
24491
9440
7361
22229
14252
24188
8068
7936
31607
14886
28857
27736
8193
11720
4548
26313
8119
14619
10244
26985
26547
18582
13186
7112
22632
32256
19522
2411
16741
6971
26238
2444
370
31702
890
13010
25600
6373
17966
26536
20245
19308
23510
9248
31320
25799
5268
32240
30068
9521
27210
26147
3734
29236
15478
25132
17414
6043
14157
23662
23278
13950
17368
3195
20365
22004
24729
19204
19878
10745
4159
32687
7902
30268
6937
29940
7393
29256
10515
3904
3710
1029
31100
31612
12619
22988
24503
10920
941
19753
10745
24042
31478
23669
25158
26673
4478
27437
28150
3631
24282
24832
29621
27862
15355
22260
6400
27908
32493
21970
5720
15480
6329
517
13124
1461
14253
14487
29175
17184
8530
18370
14940
876
28103
30984
11159
15350
29692
18838
20531
21726
2832
24447
1155
13776
7242
17732
22921
26116
18880
10041
4740
11339
24906
9048
24512
12586
25788
30304
14512
23149
2058
112
26270
25929
25666
26623
13872
6438
8895
3373
6029
26720
13678
21545
15580
7952
23238
12618
9135
11398
5056
27896
29539
25792
25688
18625
4006
8549
2360
3819
14520
3736
11266
13433
22720
27072
28061
32293
13423
19239
7838
16577
18013
21597
16015
2040
32286
16054
14784
24052
32370
701
10583
15722
28878
13841
7975
9804
14292
5036
20920
12493
19375
5662
21922
274
8606
1675
9880
11469
7132
428
19496
6142
31199
26323
20560
4538
401
26905
7535
13726
5661
19792
29368
24788
26533
31736
21829
18353
8452
17558
24046
22881
2860
11742
5194
21885
2535
17034
4549
19282
6490
22798
32051
31059
20472
31616
14707
29896
5103
5690
29320
4282
17960
1416
13622
6056
11042
9095
3673
7297
24053
29039
29898
13436
15321
16232
22682
7801
10544
26790
32608
27348
16951
32696
15760
26055
25776
16702
27358
20897
7796
29690
21528
3719
27180
28032
529
18528
10726
29507
2953
24499
22093
15359
10400
12610
3412
11143
19918
3836
25123
5465
16436
725
6001
8475
9251
6023
25960
11605
16271
14001
24843
21466
23788
31387
22964
18303
32060
26164
28048
26572
16178
31605
22428
16939
13582
15931
3421
11612
7990
15699
28720
28643
15919
3113
25294
24724
22094
6012
13441
11738
15048
8526
6043
4291
27311
11359
18611
2564
32763
17531
14353
2864
30706
22686
9258
28094
15328
2636
18791
16230
12210
20200
9811
7138
10544
22411
26370
15259
18502
4264
25784
29893
9130
6046
20168
23738
20479
20059
31684
7654
31708
16403
30786
4780
1745
12337
13945
3827
25016
12715
13856
24881
24448
12465
22804
20006
18795
27217
13376
23204
15744
21858
29960
14584
15509
23630
12486
6804
9402
25686
16500
20488
23649
16501
1943
3904
9801
16665
9329
22732
19637
26018
770
14178
12507
5734
22684
4262
9282
3798
5728
3146
8027
20323
16721
10683
11182
4745
11931
2576
14412
570
29176
6604
15370
11520
3252
6566
5164
28504
796
10789
24460
4048
6288
9017
25272
31666
19131
9839
150
685
26309
12964
14545
14956
17472
10150
26182
2698
24900
3430
26574
13883
21537
13696
3646
16088
23664
27424
1994
17216
12461
13158
2264
19428
2904
31684
28134
16088
25650
4354
22688
23958
2256
5479
18728
32637
15362
27986
19017
29816
7224
18564
14218
19756
17750
8899
23708
18280
28972
29872
11255
5834
7361
3234
2890
17415
30191
1338
2138
23277
30816
13283
2446
29752
17697
18442
30100
20298
9863
8496
3361
22146
15691
928
1529
27096
31444
5756
17696
22137
18166
28840
27190
16792
29874
2204
31976
4948
5005
17942
12964
6154
31936
12224
7315
8869
10034
10294
25390
10747
29088
1138
10401
19648
1949
1351
30818
29527
21488
20238
1035
22555
9570
4823
5078
28984
9516
26104
11139
26082
21463
6261
8507
30524
27062
1180
277
4668
15152
20540
26666
20941
30940
8978
8083
4955
20373
24308
11856
12992
17962
25610
22834
22752
25628
12980
1415
8419
23013
15717
18594
13578
13877
20384
20736
9243
22305
32599
3313
20792
23071
17395
10909
1237
22970
2859
20042
29998
20126
4290
31553
6772
29280
19025
29036
30447
23728
21723
14126
12835
10656
26775
23358
26252
7008
13324
3561
12856
10262
14606
11520
14059
8822
32551
2408
12583
23378
31254
14750
26177
21576
14828
30184
5127
24876
17552
28104
7964
7579
30164
7272
21311
27378
30874
21574
16713
17523
4795
11519
2255
11364
10395
27329
19601
31177
6908
22310
9008
10160
24517
10784
10059
4213
25167
551
30188
15948
17978
6580
29792
9800
18405
4226
31672
32000
28618
23170
2126
25652
30220
687
17432
3378
32341
21525
19007
3617
18954
4256
26666
4908
31857
2336
26631
3117
16740
12788
12490
32750
14191
6788
30345
14933
18834
3126
24741
6530
13802
18382
9640
1380
3527
842
2984
3073
27409
24000
708
21023
20579
12548
30078
21794
15632
25375
1537
4037
11460
23743
19193
14828
13322
10274
14613
5473
23526
16476
19927
29136
25113
11672
8192
20442
28854
12396
4145
20671
10334
15782
12106
19160
9252
16288
7611
27886
23017
11298
19403
8822
18188
17825
15289
32043
21728
472
2121
9927
6043
27840
1136
5024
6918
12019
23024
18175
2830
1155
27843
13758
8434
20812
6784
29775
10736
459
2107
8056
557
16692
7458
25903
29215
4480
14510
27538
9314
16911
3599
21563
27773
21153
3528
27507
18665
22784
4775
13327
9956
9289
9882
2418
6574
30234
20502
31585
16154
14873
9414
20293
9859
25145
11552
24752
32348
17855
9216
29646
11084
16580
31978
5403
4030
30904
10792
5144
19839
16214
5103
24040
21700
29643
4065
23409
10704
9022
19498
6917
22391
8138
7584
3165
16572
23436
20838
24975
12459
18161
28566
22315
23888
25642
24838
25520
9363
12780
13073
15220
3680
28482
7102
6975
22129
12359
5462
27603
23794
19055
24868
16608
15592
16961
22337
27528
13076
31870
3587
31445
3722
13262
5170
934
26487
8642
30782
19495
22005
13548
12694
28250
30463
26543
21182
29752
19544
8801
970
12006
3840
20111
27118
7032
5747
21010
25938
3656
8464
18416
26115
19527
16420
8944
30837
25065
15877
21744
8838
10822
31829
17684
30158
16492
23147
13072
14276
10528
18911
29658
1215
9549
21959
11518
2633
29280
16244
23085
3716
10197
4921
3265
4062
25494
28635
26745
30817
5769
12524
29168
28899
30534
19221
16226
29790
11676
18560
25407
3805
21391
31216
11909
30712
2229
26241
17740
25762
4270
28227
31458
11146
14472
1152
15840
21105
24682
6704
14534
10558
24453
19168
30304
645
15517
14715
7485
15732
10801
28184
8707
3820
7816
4067
30951
10744
24297
16751
16896
29552
2116
25706
1164
28018
2812
25826
21639
3248
26352
10878
14004
31395
18697
17088
1113
5485
3668
12108
16401
18658
5024
28040
5514
14470
8594
7928
18975
12684
6242
9918
31520
21490
16651
32494
6285
30968
2870
1732
17514
31906
7878
28600
14460
24062
9802
31344
11817
25091
29364
6553
14229
27710
1944
32221
8471
600
21535
29374
18824
666
16772
24896
1553
16124
9067
9888
28823
14380
9224
22602
18467
30842
401
22323
10262
16550
30511
10247
3072
25085
32539
20698
14235
21471
9928
15718
11147
1934
10729
23255
9126
21358
27027
30588
17241
15344
11153
15065
21413
7937
16331
20435
31700
776
15475
9138
26288
27268
25845
31392
14092
6906
15434
4980
7896
6529
28540
3701
31112
20624
31580
521
342
19365
19320
31608
19707
1576
30070
25830
4758
22007
26277
14298
7965
26670
23137
22171
21618
16154
16034
7703
30592
14527
31088
31519
28660
31461
28563
4121
11748
24985
19022
30938
9012
22028
1820
30296
25433
30559
15598
8846
7916
21208
1600
1211
9938
18207
25727
29599
30077
19109
23020
13481
14240
7132
4865
28492
24601
20521
14151
31672
1145
24294
2274
29850
30235
27857
2305
17784
28926
2562
7888
12014
27567
18046
9888
5382
21013
17879
4302
11141
14197
20206
9938
5875
3483
29728
2814
26096
19254
9632
1732
1356
10378
3765
4471
27960
28507
30805
22901
4805
29860
30248
18849
15079
17547
24924
21840
10813
23736
1857
31187
12537
8756
1998
7155
1906
5296
21732
24254
16192
11197
4674
10735
28151
29372
978
32758
5446
23718
18954
1129
4877
25990
8624
31392
9428
18722
28854
8209
6376
32247
18004
10306
5167
24314
14220
8938
24298
23962
26900
9098
10919
6516
31903
6337
4180
4785
18332
9906
11862
15472
22718
31044
8416
20923
8562
30953
30876
30423
13653
16523
3562
19232
10770
4954
21089
32719
11721
3347
24249
31219
2084
23363
19456
7691
9514
17876
14776
30743
16519
23772
11441
10791
20054
25020
4308
15483
9077
24267
24196
256
7082
5359
8270
16981
10198
27510
14748
20782
24464
16544
30346
10535
9021
18074
19604
27648
29591
31480
20120
12574
3377
13455
8583
29765
31969
26542
30008
32334
29912
32492
10042
28494
4559
2388
13528
3006
20538
14326
6778
10915
13028
12741
30539
17742
32532
27937
29377
21560
10062
30089
7746
29310
11352
8465
21872
12280
5402
25194
552
29091
16716
24448
18611
17826
27635
7704
14035
30055
25296
22082
29806
18514
20013
9297
29668
12379
12752
4151
14886
18205
19206
28115
20959
9727
2507
12354
14672
6910
15116
9198
5394
12489
18235
28755
7535
25748
20022
13783
31120
29726
26454
16050
410
655
11124
30207
32590
21560
7199
991
17656
24443
22914
2526
27995
16846
9189
31672
27071
2382
4173
3049
30248
27810
4304
27983
9711
22160
19192
19694
10792
23040
26433
24456
16996
16389
31901
16638
15823
29273
30849
15084
25336
416
26898
20808
4628
2645
11929
10261
17768
7506
3160
8707
1391
8579
7030
30120
13700
32465
30216
17297
24168
26524
14464
7800
18628
1899
4516
27273
24047
20888
5129
8488
28088
515
11574
2006
505
21435
13408
8448
31434
22435
32243
19712
30117
22609
22000
16152
9884
24096
17824
28030
29236
1854
24312
18060
13263
1413
13408
32529
21175
5749
29656
1334
20312
27003
26928
2789
25320
32628
29021
14516
26752
21551
28737
11718
22926
4609
13221
2099
14403
25612
13890
6685
5702
29968
3489
26786
9808
296
2230
6447
32702
12788
5624
6891
11209
12413
15620
31427
19443
19753
2796
20833
22032
20754
19445
23648
20159
28093
10067
3424
27092
4552
13061
15090
10725
9103
20873
32452
5191
4302
18575
5297
16482
15430
10403
22651
16586
9568
115
833
10763
9234
29633
5926
14458
27404
26227
4197
12196
31490
30450
14328
28088
12830
4796
19458
25525
28688
22520
316
17697
11556
32471
7064
10656
21707
15944
9354
1350
20121
12198
362
4014
15512
30343
7509
12685
18589
12366
4667
12094
18032
23592
11140
10101
32405
23195
4290
8502
2323
10909
2419
1866
7642
1682
18699
11319
17994
12912
5146
22764
15270
12509
12008
32422
22011
31704
4880
30240
22225
29090
4464
20782
25942
16498
13828
2636
6482
10697
26346
31222
8587
16600
2412
24426
27740
753
13179
2585
1321
22244
6696
29463
21606
13551
27780
29062
5420
2082
4143
4479
8265
789
9856
28192
6033
23225
28251
30539
7400
8808
4376
13668
4966
4090
27304
10461
23500
24459
8930
13352
6132
11507
24672
29697
8002
29548
14981
4642
4337
18341
25514
29360
20362
28124
16684
21290
5532
15925
5885
28204
9421
9738
2932
11881
32362
7003
12749
16992
26008
25417
4224
31880
29708
5581
9860
16768
28396
28776
14648
14134
17676
20561
25499
27585
8578
4944
2140
3467
10022
10955
11681
8712
15987
31952
2093
9765
25249
6797
14946
13392
27255
4600
27856
20487
16681
4530
7810
16412
27424
9177
27819
706
20242
18916
20531
20313
27879
16146
15218
12116
6242
16755
16426
17488
30910
12472
8974
30206
16346
160
28468
28616
31608
6776
32108
22353
31143
11695
19081
3614
2766
17073
25808
7756
9833
20864
25240
32480
3085
19940
23001
28476
8392
21307
26563
11233
23050
11666
14953
11388
24287
29086
27533
11782
10270
11040
9528
11447
30988
24781
2074
26440
19015
10938
11922
10940
4288
11903
6086
28259
16980
30232
2662
16670
30542
16154
10590
11059
9970
6737
11962
26292
26786
16427
4352
25997
2856
17391
25227
29510
15230
9352
32030
9714
23244
1893
31144
20800
7377
2164
13564
17632
2057
9906
25129
23689
29043
11889
16963
22506
5961
17835
8496
6029
21948
14792
23743
2888
29928
24446
17336
25048
1797
19110
10407
18674
11986
15336
14202
13360
2053
11579
25618
15834
1548
26608
24288
6273
23185
16481
28624
16371
20319
8189
21880
29904
262
16512
28128
18496
16936
1090
13336
13244
22147
32552
22447
26137
32400
21120
149
27300
16335
4993
29860
3892
14221
5846
13392
7520
28693
13086
23496
17226
13447
1944
1316
13887
23572
11176
32087
26643
4182
1501
12565
32423
26822
12372
18320
18940
8492
20716
545
16587
769
29704
21076
24149
28335
4712
1112
31602
12284
32542
22071
22490
10471
14259
27899
10045
29292
28981
10588
13852
9660
21557
20596
18620
24944
30228
23568
24091
5778
5785
25376
23311
7615
13661
2877
30671
17438
30555
21388
14513
30830
9838
32233
6565
329
17373
9544
23325
24979
24548
16002
29261
25888
3152
3140
30942
1085
27834
7001
22886
662
8211
20717
15048
18619
25063
30128
1688
7896
13884
28262
10515
2728
6566
17097
9633
32117
14899
15938
18689
27689
12329
14486
14466
32134
16805
20295
11998
29207
14028
22892
24501
6717
18572
23040
19431
16981
30197
17861
24574
19506
2940
1634
5916
22156
28272
31283
8613
1249
29908
18693
18710
6005
10946
12737
27013
32527
26430
6583
18824
32123
2189
22411
23016
2732
6225
27783
2728
12374
15612
407
3264
23801
14601
2904
21694
19864
20244
29328
28979
31830
2100
11696
18065
29884
601
16955
19334
30101
27106
11388
25860
20247
20176
14898
3126
8443
19575
10414
14835
5949
31930
26216
17440
14038
20445
26769
30541
9152
9541
23258
626
3747
25016
28178
21127
18063
7029
26464
25033
29666
22774
29051
777
16470
18696
29134
14976
7298
27025
13350
11742
8350
21245
22088
31332
30552
16204
19188
12214
11823
30304
12610
13290
31696
17994
20832
11098
10437
27364
11820
31748
16524
27895
20716
8897
10104
27518
31045
25252
6241
807
25681
30640
19832
30635
24876
26765
10892
1781
308
12659
13093
26704
3840
9123
991
17756
18260
24993
2461
17732
21604
24180
16530
10779
4381
31724
2389
25794
13144
17193
2954
18588
19105
8255
25352
18824
13090
21721
14427
17679
15491
28084
24929
30552
16795
4985
23620
31514
3448
26324
29422
6560
11529
23940
15167
29936
32618
11181
8778
13966
7917
8188
16483
7832
15262
5620
19108
12932
17273
462
3354
23573
15401
1421
2880
7301
31891
29061
16127
5696
4486
7346
29816
12866
28390
24883
26943
23562
15724
25478
14833
2993
14357
8259
27244
23658
568
23077
10236
9632
15304
16517
16707
320
20640
21924
15124
20732
27709
27306
29246
29456
670
2130
22377
31424
29970
11503
22088
25589
21423
17544
15046
12000
2466
13665
21821
8320
4168
10653
10820
30135
23796
2372
20180
14666
746
4077
18180
17898
17604
32140
18725
6828
5094
9422
7845
15820
3328
18671
15093
21212
29112
7064
30960
22746
10992
20769
9768
1252
4361
18927
8531
22013
23542
22243
29857
24006
1439
10019
22962
4721
1562
26380
20440
20947
29346
6418
23790
17772
14038
10754
24750
31550
1672
19464
17008
140
311
29408
19238
3409
6633
6422
20323
14005
12510
21764
23408
8520
2711
28256
10396
20275
1558
9564
25183
20128
8815
8276
30912
9203
17777
16742
2108
22225
14956
3714
4420
25963
810
22105
12238
11616
8968
6445
8664
16783
13705
29735
21480
23363
10512
10493
29779
25520
27900
1576
12306
20408
30444
9780
810
1314
21474
22963
27956
9306
22153
14914
17009
6503
17071
31453
20431
1357
3085
9570
106
25937
9233
27398
19909
19162
29111
16679
13824
23661
16836
20222
8448
30039
2792
23988
27424
13242
12848
28288
20459
18928
3626
8667
677
10848
5458
27486
15687
5865
24374
18263
15706
14232
14534
24178
23958
1640
8579
16658
18736
16920
23905
10486
18412
4442
27376
19092
1317
17549
1024
10077
19901
24817
18501
17614
1547
2537
23847
2874
20101
12464
4912
29435
23524
22374
29703
19063
10957
21805
644
32148
2849
24224
30653
24240
29594
22585
30911
24776
22624
19079
20371
12852
26945
23591
3513
25670
20513
28097
31949
29553
18380
16696
880
1000
19648
18141
10802
29287
29896
5225
9930
25352
29185
25331
30928
22134
15242
16570
17312
10633
21726
2538
29352
22179
22290
16313
26018
14716
7396
14075
31524
17946
8245
13245
28292
20954
16108
10654
20822
11552
10077
24414
7904
27168
19062
19700
27948
15355
8349
12348
17514
20577
8728
17367
25008
28022
21328
25749
29574
17291
8004
10534
27074
15600
31865
19858
30720
20277
13859
15892
30992
11084
23720
28624
4396
14763
29372
19096
7917
23328
31078
592
1891
13892
21728
27292
18316
12876
1801
30349
27787
1064
30614
13120
6564
20922
31129
5262
1544
14896
21456
16568
24118
24557
15670
24077
1464
24753
13434
15956
29674
5994
3593
13706
10674
29966
2669
16994
22204
12693
12270
24570
17955
26772
7305
12893
31210
16320
21948
3592
6200
30606
31464
528
10014
519
14090
27890
13568
1292
19166
20683
10073
28301
32747
15055
20773
7433
27209
23666
18743
14849
3558
21423
13528
32077
21393
11076
15994
19225
24388
20568
1651
32507
19125
32271
4172
26534
16771
7934
9944
29140
15353
23797
15668
9002
3309
31984
812
9624
13052
9880
11945
15972
4879
24692
13000
10276
20780
3899
13062
27532
6540
12538
848
6384
4600
22581
8592
6103
2923
23139
29575
30020
22320
29765
25280
6480
5447
30578
8140
29597
29460
9788
32694
12141
1436
14323
6082
18166
31383
19540
25118
32332
11633
1903
28003
8099
23452
12684
15299
31405
17150
12961
27551
9553
28815
4094
9731
28929
21228
17495
28823
24428
10321
28339
25045
5201
2787
1366
8654
12983
21884
25604
4930
7507
25476
2575
14291
3109
19837
32345
31852
18851
18884
23698
30140
2484
23096
18708
3372
8388
6661
9127
32588
1308
19431
21793
12066
22624
28456
7444
8991
14099
2036
29386
6203
27522
1216
17786
14890
29554
10606
14733
419
23333
2332
11370
4628
138
2244
2502
2371
11098
22959
27347
22667
6871
13888
31688
28392
1295
32447
4464
1963
21834
27960
10337
8853
13205
1596
4149
15865
9479
22516
25807
5428
14375
30398
839
17338
28156
3676
12978
24309
19020
325
29710
12795
25211
14830
27674
16770
13444
2246
26838
5769
32155
1115
28596
17302
11248
24515
23644
12614
10307
5195
19972
30708
26165
